$ANSIBLE_VAULT;1.1;AES256
38356630613139656333356239303762303864393663623039363464613134326130343864333134
3635343261333034343738616561396631373831343764330a323934646632663764643661613462
61656338333533653566343463666264653636653935356463373164373962343739666436313337
3063383435636539380a333566333139393263356261323833303538383432383364666162653662
39363137393935346631386430643935643032303236383366303435363736646665316361653532
61363065633838376666343139643465326466353737316561623365303137326431326163633939
30636138653435363033626664666436636563663765326134316137353063323330313164663862
37353533333863323965623933646664383534653564303165626134616530656463303339376663
35313330666530643363386534313962393131373833373133613365373130646330366430326237
66633634663366396362333930316665633839643435383036666633353764663965373066636235
35646464323462623763633935663630656537386139343234616466393731366336313366633164
34376433316561613065643464623036393633616166323332653935643164366231393038326663
39656362623335376137653362373162653436356565663866343362313930396534313366386465
66333238643165363266363466616535346330613966663065303431613630356135396565353136
313730373330623766303066636131393739
